-2.081132636986102180e-02 -7.952076877693172730e-01 -7.471356161587858202e-02 -2.375652358941864328e+00 -1.314155185139841142e-02 1.482973709185918088e+00 7.784897615158631323e-01
1.536902828036364577e+00 -8.972874854698515978e-01 -1.101768717120962804e-01 -2.410411098078677483e+00 -1.314001354244020286e-02 1.482634371201197343e+00 7.784729251831480346e-01
4.921505388768432007e-03 -8.962222768443810494e-01 -1.054703850732398029e-01 -2.410409982786200001e+00 -1.297208167543440621e-02 1.482640492594987869e+00 7.784767216899253217e-01
7.193290774122009304e-03 -1.064378483989782520e+00 -1.050476096383625435e-01 -2.419419214549817454e+00 -1.295653186904059326e-02 1.482602177061733029e+00 7.784771379461442598e-01
1.178887921541296908e-02 -1.043206928571065228e+00 1.033499085181573823e-02 -2.419029294873600744e+00 -1.278296567934150349e-02 1.482618476629257165e+00 7.784792787592590413e-01
9.968528747616686378e-03 -1.055394226726882101e+00 1.322842757892583702e-02 -1.336287315837124012e+00 -1.274015336152580294e-02 1.482632997543883224e+00 7.784952703241179162e-01
7.150957100507140257e-03 -1.041141814210260197e+00 -2.077917308089798423e-02 -2.629696088958204392e+00 -1.278346254910124255e-02 1.482652613877369463e+00 7.784841661787251788e-01
5.744103710477008358e-03 -1.017215367526338898e+00 -1.907628852887111731e-02 -2.623942075156317610e+00 1.685083533193139305e+00 1.482893880294431588e+00 7.784868952706704981e-01
9.364465831162225836e-04 -1.016207066669798653e+00 -2.188491792297153973e-02 -2.614910934212610005e+00 -5.739599064406421779e-03 1.482649309909423563e+00 7.784854711169998387e-01
9.608154292626860070e-04 -1.017365561232177695e+00 -2.307351582626166950e-02 -2.619088485650848952e+00 -5.616895738161272779e-03 2.665319351819918747e+00 7.784964916184543560e-01
1.186046255474681402e-03 -1.016397738722048638e+00 -4.296167650807618948e-02 -2.615533235214024366e+00 -2.280042905774381633e-03 1.713657214762050351e+00 7.784942376444339285e-01
-9.677109786896787025e-03 -1.016151216398205603e+00 -3.674294466021079536e-02 -2.612882211618255734e+00 -2.321785466544970880e-03 1.691914899551623330e+00 2.470940586435245834e+00
-9.459376322570368662e-04 -1.017600116618028405e+00 -2.718233208671996456e-02 -2.614673448897244512e+00 -3.054090176049731407e-03 1.691372499545389152e+00 7.506080645887204250e-01
-9.548804673304519706e-04 -1.017595349437312002e+00 -2.717704238653767534e-02 -2.614697554228245568e+00 -3.050367773416508364e-03 1.691371787468591847e+00 7.506245316142836632e-01
