0.0 0.0 0.0 0.0 0.0 0.0 0.0
0.03 -1.09 2.63 0.33 3.87 0.88 2.92
0.25 -0.18 5.13 5.43 2.78 3.86 6.72
0.72 -1.00 6.09 2.61 1.10 4.13 3.06
0.76 -1.96 2.24 1.54 4.19 5.22 7.46
0.81 -1.89 3.26 1.42 5.64 0.14 8.34
1.36 -1.89 2.73 1.20 3.08 3.29 3.8
1.51 -2.47 3.20 1.29 0.24 4.91 8.21
1.69 -2.72 0.14 1.08 2.14 0.08 9.13
2.52 -2.54 2.07 0.55 3.26 2.31 4.72
3.47 -2.37 1.38 0.22 3.13 1.54 1.16
4.63 -0.70 3.14 3.41 3.55 0.69 6.10
5.25 -0.55 0.98 4.15 5.65 3.65 9.27
5.41 -0.90 5.86 0.41 1.69 1.23 4.34
-1.39 -0.87 4.01 3.75 5.56 2.98 4.88
-1.10 -2.08 5.68 1.41 4.13 0.24 2.70
-0.90 -3.10 3.24 0.16 4.81 4.94 4.35
-0.75 -1.60 1.56 4.43 1.54 4.59 6.61
-0.61 -0.54 3.76 3.91 5.05 0.92 6.88
-0.36 -2.19 3.91 0.04 2.15 3.19 5.18