-1.822104027111483893e+00 1.930955377921723948e-01 5.459868679644965667e-02 -2.121624659537851620e+00 -3.925195587343639075e-02 2.291355293671288873e+00 7.235869166329502722e-01
-7.967179825423839623e-02 3.526469870031925802e-01 -2.039076141814528675e-01 -2.559264723952594967e+00 -4.563511508364293673e-02 2.873034884710786052e+00 6.187613609050309771e-01
-7.936506857888285527e-02 4.948665673504965001e-01 -1.782364880993368150e-01 -2.334253280168839595e+00 -4.484889593914390821e-02 2.931289974238416196e+00 6.406273653155759584e-01
-7.960542552062647992e-02 6.874716435865129149e-01 -1.525032008586471588e-01 -1.899244351085863647e+00 -4.064219162317681683e-02 2.595503936377895560e+00 7.358975979760288277e-01
-1.086308549770935994e-01 9.703709958818436121e-01 -1.037852056618751156e-01 -1.358869943756966459e+00 -4.054856650696891246e-02 2.382735875034764472e+00 7.365511695921286295e-01
-9.912963928792457857e-02 9.570763007938779543e-01 -1.173804342955875601e-01 -1.358814622150423590e+00 -4.062999388130976441e-02 2.334343680437355406e+00 7.373767543404885494e-01
-2.114107338979046707e-02 3.143454436965485432e-01 1.199149095406694572e-02 -2.628873083106431974e+00 -4.073629680540872405e-02 2.933488596826478112e+00 7.583671121006105853e-01
-2.055132332391064812e-02 4.599795442172923687e-01 -3.674896168500337793e-03 -2.364939583078186303e+00 -4.079514372017648688e-02 2.929228994131088282e+00 8.088785769330393283e-01
-7.850031512296313380e-03 7.288747661293231150e-01 5.492652191149320975e-04 -1.702226475076215495e+00 -4.071867675209499271e-02 2.612830457317147026e+00 8.094042886371412004e-01
1.308576632382576696e-02 9.149997861258937215e-01 -1.333392516806238860e-02 -1.433917007609612604e+00 -4.062391782743668411e-02 2.413531624874740711e+00 8.604178234977629680e-01
9.393272642689605434e-02 3.493090687969272468e-01 2.450965806475856323e-01 -2.546085557736847971e+00 -4.059968087052612251e-02 2.834999412362742444e+00 1.252477952345291579e+00
9.825423360341654921e-02 4.827170120749557092e-01 1.878096801566855323e-01 -2.300721870020816073e+00 -4.227127647254501353e-02 2.833646162618866260e+00 1.195336411502772922e+00
9.873974981602649803e-02 7.127319331671062574e-01 1.423535697433553904e-01 -1.840831123853984730e+00 -4.228779651390181943e-02 2.600967722154146511e+00 1.076132860614675835e+00
1.900784413257586014e-01 9.776154747538343681e-01 2.955751365658483565e-02 -1.320579405617295476e+00 -4.232201628552542672e-02 2.307480572198026714e+00 1.078369566308955196e+00
4.061933193129481645e-01 4.789503306380489267e-01 1.869124799921901281e-01 -2.285094518519041884e+00 -4.848372227460750333e-02 2.683031629173772803e+00 1.501904132864354535e+00
3.858913214250635493e-01 6.270128263458917273e-01 1.365245771198934921e-01 -2.024440759577647242e+00 -4.854507562181245572e-02 2.682381195039775346e+00 1.326138695943295476e+00
3.760965595430850184e-01 8.402588759168796440e-01 7.386170872876453297e-02 -1.546738470681197519e+00 -2.495696329700264338e-02 2.354419125000709379e+00 1.327971799704549039e+00
4.402147508545925514e-01 1.104373460351372849e+00 -9.075023470658870328e-02 -1.070190545520653513e+00 7.805892921450696686e-02 2.184651147768263524e+00 1.193611212779640107e+00
2.646844047036084335e-01 -3.904274649891960325e-02 -3.577721518110810739e-01 -8.307468332505911768e-01 7.846707765597465967e-02 1.007624556303024388e+00 7.874659665502961037e-01
2.650392466511642398e-01 -1.742570783067167936e-02 -3.524096943867665588e-01 -1.009224228156234693e+00 7.844748239921306432e-02 1.054947009265480240e+00 7.884441078777114642e-01
2.650353063019285638e-01 -1.742194211775732055e-02 -3.523851423148810502e-01 -1.009233875660130009e+00 7.844996269968454450e-02 1.054962563594182612e+00 7.884469561849514196e-01
2.651638328776558251e-01 -1.402582239121892387e-02 -3.517716905886875689e-01 -1.178225714416771819e+00 7.846336281270635538e-02 1.103961689608556229e+00 7.884322318218462966e-01
2.742962342993282010e-01 3.010126030969867417e-01 -2.933609664373322268e-01 -1.189010352285099437e+00 7.848674552970462404e-02 1.300790734623392453e+00 7.884336443450962184e-01
2.819365228819977753e-01 6.958098317168510683e-01 -2.055131262122034674e-01 -1.189504059538177172e+00 7.847726799650443785e-02 2.011270726483315396e+00 7.884261714713991509e-01
2.823937227541094552e-01 6.958293599050581202e-01 -2.048445516730154348e-01 -1.192819590788922524e+00 7.848036892251969432e-02 2.010045124533727190e+00 7.889965778278578146e-01
2.877402513620794244e-01 2.107059226614328151e-01 -2.141108421905474624e-01 -1.626276357372796522e+00 7.847330233381470677e-02 1.986390344697655408e+00 7.889401917722490554e-01
2.882257429609313415e-01 1.958758889013851867e-01 -2.074325328851220618e-01 -2.196306063791026553e+00 7.849913892481062694e-02 2.398798019998756192e+00 7.794780068670192907e-01
2.891354429336467358e-01 5.349170033526582380e-01 -1.557245316081523334e-01 -2.169750810504757155e+00 8.118322528733147581e-02 2.651967966712293734e+00 9.049409283275404725e-01
2.889771367984652062e-01 5.349999083050510640e-01 -1.561696282834337535e-01 -2.173116650425873875e+00 8.118662173012572425e-02 2.651938290675481369e+00 9.049522343053503226e-01
2.889737607883586801e-01 5.350032520657416191e-01 -1.561677581799359171e-01 -2.173125676406057138e+00 8.118598867193030366e-02 2.651938289221931200e+00 9.049542664099216038e-01
2.889754312122077007e-01 5.350032491767615639e-01 -1.561756528756410300e-01 -2.173122057128528350e+00 8.118670215701466464e-02 2.651939104469555719e+00 9.049590099659942100e-01
2.889737607763526728e-01 5.350015788479036694e-01 -1.561729811559063319e-01 -2.173130313866359131e+00 8.118573391465659650e-02 2.651935224573810590e+00 9.049565082676485073e-01
2.889754341325413423e-01 5.350051980185926981e-01 -1.561712987192890034e-01 -2.173128211195566095e+00 8.118804339322809038e-02 2.651936231234084840e+00 9.049518887215919349e-01
2.889739970233544120e-01 5.350015787409062584e-01 -1.561698646024402837e-01 -2.173128272405024042e+00 8.118874594518334098e-02 2.651938733588004471e+00 9.049500908570762281e-01
2.889754312122077007e-01 5.350032491767615639e-01 -1.561712990806946588e-01 -2.173130684700460336e+00 8.118952549305556710e-02 2.651936706081706507e+00 9.049590099865975068e-01
2.889754312122241320e-01 5.350015790618986022e-01 -1.561749181169885259e-01 -2.173130683684069364e+00 8.118599317003252769e-02 2.651934338225717891e+00 9.049568723065147813e-01
2.889771016480684462e-01 5.349999083050510640e-01 -1.561713084879093050e-01 -2.173134303979706416e+00 8.118861442420978458e-02 2.651936107988642988e+00 9.049532734320604455e-01
2.889755128653927474e-01 5.350015787409062584e-01 -1.561712998353598503e-01 -2.173129014266164560e+00 8.118598910517713096e-02 2.651935749441346246e+00 9.049520965889521484e-01
2.889756674232073497e-01 5.350015787409062584e-01 -1.561749179969754153e-01 -2.173125394988480341e+00 8.118662192875522599e-02 2.651938245024560104e+00 9.049578269634311889e-01
2.889718119345213165e-01 5.350015800248756337e-01 -1.561749442426426382e-01 -2.173129014266644177e+00 8.119014233053545304e-02 2.651935812611366572e+00 9.049558041099333705e-01
2.889737617484143262e-01 5.350015787409062584e-01 -1.561772801069720717e-01 -2.173125790846975658e+00 8.118764994465114959e-02 2.651937528263828003e+00 9.049592495019991301e-01
2.889771016480630061e-01 5.350015787409062584e-01 -1.561712987197883817e-01 -2.173129017463484303e+00 8.118634550716893883e-02 2.651935063202832232e+00 9.049565387943387940e-01
2.889773381830832433e-01 5.350032491767615639e-01 -1.561713774604372995e-01 -2.173133542745384617e+00 8.118720720151498260e-02 2.651935180455880392e+00 9.049501170009545126e-01
2.889771105419665642e-01 5.350032491767615639e-01 -1.561696282834338090e-01 -2.173135454579403714e+00 8.118781235107730421e-02 2.651935760259702235e+00 9.049547375314203057e-01
2.889739983914577093e-01 5.350015787409062584e-01 -1.561676793330910307e-01 -2.173133784143548297e+00 8.118812243176416754e-02 2.651935048667321659e+00 9.049550920331023152e-01
2.889790504904169999e-01 5.349999083050510640e-01 -1.561729691552924404e-01 -2.173133784143548297e+00 8.118862747153189618e-02 2.651935048182805232e+00 9.049575451215217115e-01
2.889737608883595210e-01 5.349999083050510640e-01 -1.561750239517036565e-01 -2.173128494430006441e+00 8.118736419124569781e-02 2.651935061264757199e+00 9.049575450856151004e-01
2.889754321842694096e-01 5.349979594632199298e-01 -1.561715349303051392e-01 -2.173134352179284079e+00 8.118755390358182999e-02 2.651936574062378593e+00 9.049546982857853417e-01
2.889737607763524507e-01 5.349979594632199298e-01 -1.561756295461595723e-01 -2.173130164865867631e+00 8.118756115849784516e-02 2.651938228550743126e+00 9.049515439201712974e-01
2.889790592389725465e-01 5.350032491767615639e-01 -1.561698644944498893e-01 -2.173150278024506221e+00 8.118841679792836163e-02 2.651936574061046770e+00 9.049554496084648569e-01
